02.01.2018	15:30:15	6431,5894	6450,8690	6417,7456	6449,3278	0
02.01.2018	15:45:00	6449,3378	6470,3236	6449,3378	6470,3236	0
02.01.2018	16:00:00	6470,0207	6473,6484	6469,3479	6470,6534	0
02.01.2018	16:15:00	6470,5481	6485,4586	6470,5135	6484,2309	0
02.01.2018	16:30:00	6484,0700	6486,3660	6476,7789	6482,6074	0
02.01.2018	16:45:00	6482,9574	6489,5979	6482,4756	6489,0773	0
02.01.2018	17:00:00	6489,1036	6491,7835	6488,8182	6491,6216	0
02.01.2018	17:15:00	6492,0920	6496,8963	6488,9186	6491,1001	0
02.01.2018	17:30:00	6491,1433	6492,8837	6486,4214	6489,0859	0
02.01.2018	17:45:00	6489,2225	6492,7379	6488,4814	6490,6496	0
02.01.2018	18:00:00	6490,7090	6492,7956	6489,9507	6492,3123	0
02.01.2018	18:15:00	6492,3399	6493,1974	6489,9284	6490,7570	0
02.01.2018	18:30:00	6490,7510	6490,7829	6487,1553	6488,3456	0
02.01.2018	18:45:00	6488,3460	6489,5717	6486,9133	6488,8747	0
02.01.2018	19:00:00	6488,8813	6493,8594	6488,8340	6492,1915	0
02.01.2018	19:15:00	6492,1820	6495,0698	6488,8343	6494,5453	0
02.01.2018	19:30:00	6494,5440	6497,3962	6493,6718	6496,7179	0
02.01.2018	19:45:00	6496,8013	6497,6521	6494,6816	6497,3733	0
02.01.2018	20:00:00	6497,3550	6504,7629	6497,0885	6503,8177	0
02.01.2018	20:15:00	6504,0164	6504,3810	6501,1078	6501,6715	0
02.01.2018	20:30:00	6501,6694	6504,8444	6501,4401	6502,4819	0
02.01.2018	20:45:00	6502,4500	6503,4212	6501,3234	6503,1105	0
02.01.2018	21:00:00	6503,1185	6504,1808	6501,5604	6502,9832	0
02.01.2018	21:15:00	6502,8384	6504,7610	6501,9035	6504,5341	0
02.01.2018	21:30:00	6504,6733	6508,0955	6502,3549	6508,0248	0
02.01.2018	21:45:00	6508,0196	6513,0207	6506,7556	6510,2895	0
02.01.2018	22:00:01	6510,7817	6511,3424	6510,7817	6511,3424	0
02.01.2018	22:15:00	6511,3424	6511,3424	6511,3424	6511,3424	0
02.01.2018	22:30:00	6511,3424	6511,3424	6511,3424	6511,3424	0
02.01.2018	22:45:00	6511,3424	6511,3424	6511,3424	6511,3424	0
02.01.2018	23:00:00	6511,3424	6511,3424	6511,3424	6511,3424	0
02.01.2018	23:15:00	6511,3424	6511,3424	6511,3424	6511,3424	0
03.01.2018	15:30:15	6520,0311	6540,4937	6519,2575	6537,5952	0
03.01.2018	15:45:00	6537,7307	6551,9897	6536,7657	6550,9165	0
03.01.2018	16:00:00	6550,9801	6557,8465	6549,7920	6551,5370	0
03.01.2018	16:15:00	6551,4646	6553,4135	6547,7498	6551,6831	0
03.01.2018	16:30:00	6551,8045	6562,6227	6551,6801	6562,4192	0
03.01.2018	16:45:00	6562,4080	6563,2687	6557,9304	6560,0814	0
03.01.2018	17:00:00	6560,1456	6565,0712	6556,5258	6562,8220	0
03.01.2018	17:15:00	6562,8220	6566,5405	6562,5857	6565,2593	0
03.01.2018	17:30:00	6565,2474	6567,0690	6561,1609	6561,1609	0
03.01.2018	17:45:00	6560,9944	6564,4696	6560,4079	6561,0140	0
03.01.2018	18:00:00	6560,9962	6564,0464	6560,6533	6563,0482	0
03.01.2018	18:15:00	6562,9424	6566,2626	6561,4879	6566,2626	0
03.01.2018	18:30:00	6566,2757	6572,5860	6565,5252	6572,4179	0
03.01.2018	18:45:00	6572,4140	6577,7025	6572,2783	6574,1927	0
03.01.2018	19:00:00	6574,2193	6575,1724	6571,5870	6572,7082	0
03.01.2018	19:15:00	6572,7062	6576,1787	6572,4370	6573,5428	0
03.01.2018	19:30:00	6573,5643	6573,6226	6563,1696	6564,6568	0
03.01.2018	19:45:00	6564,6126	6565,8167	6561,4638	6561,8400	0
03.01.2018	20:00:00	6561,8938	6567,7956	6560,4197	6567,7956	0
03.01.2018	20:15:00	6567,7956	6572,9440	6565,9947	6572,2982	0
03.01.2018	20:30:00	6572,2911	6573,9484	6567,1024	6570,6089	0
03.01.2018	20:45:00	6570,5725	6571,4224	6567,6966	6569,7094	0
03.01.2018	21:00:00	6569,7212	6571,2170	6566,5855	6568,2229	0
03.01.2018	21:15:00	6568,2109	6573,1933	6568,2109	6572,2174	0
03.01.2018	21:30:00	6572,2163	6577,1223	6572,2163	6574,3639	0
03.01.2018	21:45:00	6574,3822	6579,2461	6571,3388	6573,6520	0
03.01.2018	22:00:01	6573,6505	6575,8027	6573,6505	6575,8027	0
03.01.2018	22:15:00	6575,8027	6575,8027	6575,8027	6575,8027	0
03.01.2018	22:30:00	6575,8027	6575,8027	6575,8027	6575,8027	0
03.01.2018	22:45:00	6575,8027	6575,8027	6575,8027	6575,8027	0
03.01.2018	23:00:00	6575,8027	6575,8027	6575,8027	6575,8027	0
03.01.2018	23:15:00	6575,8027	6575,8027	6575,8027	6575,8027	0
04.01.2018	15:30:15	6595,7467	6603,1697	6579,4499	6581,8473	0
04.01.2018	15:45:00	6581,3489	6592,9992	6576,9197	6588,0336	0
04.01.2018	16:00:00	6588,2492	6592,2888	6582,3545	6592,2888	0
04.01.2018	16:15:00	6592,2969	6593,2898	6583,1844	6592,2459	0
04.01.2018	16:30:00	6592,2227	6602,6179	6590,0203	6598,0728	0
04.01.2018	16:45:00	6598,0407	6601,4626	6593,4795	6594,6519	0
04.01.2018	17:00:00	6594,6213	6594,7146	6589,0323	6590,7394	0
04.01.2018	17:15:00	6590,7272	6590,7272	6581,0017	6582,3623	0
04.01.2018	17:30:00	6582,5567	6590,6908	6582,5567	6585,7765	0
04.01.2018	17:45:00	6585,7513	6588,7255	6584,2450	6585,0739	0
04.01.2018	18:00:00	6585,1480	6594,4927	6584,8391	6594,1650	0
04.01.2018	18:15:00	6594,1178	6594,1178	6582,8559	6584,2996	0
04.01.2018	18:30:00	6584,2757	6588,1603	6582,1583	6588,1603	0
04.01.2018	18:45:00	6588,1594	6591,1913	6583,9104	6584,0393	0
04.01.2018	19:00:00	6584,0100	6586,4687	6582,2622	6583,2772	0
04.01.2018	19:15:00	6583,2141	6584,5439	6578,3233	6580,3528	0
04.01.2018	19:30:00	6580,3661	6583,0018	6578,8017	6582,8988	0
04.01.2018	19:45:00	6582,9813	6586,4900	6581,2198	6584,8574	0
04.01.2018	20:00:00	6584,8505	6586,8147	6583,8706	6585,7656	0
04.01.2018	20:15:00	6585,7712	6590,1665	6582,2955	6582,4002	0
04.01.2018	20:30:00	6582,4025	6585,6746	6581,5813	6585,6373	0
04.01.2018	20:45:00	6585,6783	6588,8279	6585,4412	6587,6403	0
04.01.2018	21:00:00	6587,6733	6588,8210	6583,0072	6585,1092	0
04.01.2018	21:15:00	6584,9996	6591,3464	6584,9078	6591,3464	0
04.01.2018	21:30:00	6591,3674	6592,1501	6589,3431	6589,6289	0
04.01.2018	21:45:00	6589,5582	6590,0622	6584,3015	6584,3921	0
04.01.2018	22:00:01	6584,5842	6584,5842	6584,5778	6584,5778	0
04.01.2018	22:15:00	6584,5778	6584,5778	6584,5778	6584,5778	0
04.01.2018	22:30:00	6584,5778	6584,5778	6584,5778	6584,5778	0
04.01.2018	22:45:00	6584,5778	6584,5778	6584,5778	6584,5778	0
04.01.2018	23:00:00	6584,5778	6584,5778	6584,5778	6584,5778	0
04.01.2018	23:15:00	6584,5778	6584,5778	6584,5778	6584,5778	0
05.01.2018	15:30:15	6613,1250	6621,4152	6605,0282	6609,1217	0
05.01.2018	15:45:00	6609,3069	6616,7304	6607,7003	6613,7865	0
05.01.2018	16:00:00	6614,0171	6617,0082	6609,8140	6615,2941	0
05.01.2018	16:15:00	6615,2268	6622,9696	6614,8284	6620,6490	0
05.01.2018	16:30:00	6620,6812	6624,7354	6619,8615	6623,3637	0
05.01.2018	16:45:00	6623,3462	6633,5800	6623,0854	6631,4877	0
05.01.2018	17:00:00	6631,6263	6632,6039	6628,6819	6632,3566	0
05.01.2018	17:15:00	6632,2857	6637,6984	6631,1340	6635,7542	0
05.01.2018	17:30:00	6635,7074	6637,4480	6633,8594	6635,3503	0
05.01.2018	17:45:00	6635,2925	6641,4181	6634,8353	6641,4181	0
05.01.2018	18:00:00	6641,4859	6641,5069	6637,4718	6640,4344	0
05.01.2018	18:15:00	6640,6291	6642,2798	6639,7922	6641,0462	0
05.01.2018	18:30:00	6641,0362	6641,0362	6637,9478	6639,5821	0
05.01.2018	18:45:00	6639,5468	6640,1797	6636,6639	6638,8114	0
05.01.2018	19:00:00	6638,7690	6640,6215	6638,1723	6638,8304	0
05.01.2018	19:15:00	6638,8305	6640,1178	6637,4466	6640,1178	0
05.01.2018	19:30:00	6640,0873	6644,6778	6639,8856	6643,9247	0
05.01.2018	19:45:00	6643,9274	6644,7249	6641,4193	6642,8863	0
05.01.2018	20:00:00	6642,8972	6644,4643	6641,4702	6641,4702	0
05.01.2018	20:15:00	6641,4899	6643,3836	6639,4342	6642,7608	0
05.01.2018	20:30:00	6642,7678	6643,7999	6639,1153	6639,6382	0
05.01.2018	20:45:00	6639,6313	6641,0843	6638,0076	6639,1416	0
05.01.2018	21:00:00	6639,1176	6642,4559	6638,2460	6638,2460	0
05.01.2018	21:15:00	6638,2384	6640,1486	6637,4896	6640,0998	0
05.01.2018	21:30:00	6640,0988	6644,1590	6639,7511	6642,4664	0
05.01.2018	21:45:00	6642,5052	6654,9813	6642,5052	6652,5499	0
05.01.2018	22:00:01	6650,8737	6653,2905	6650,8737	6653,2905	0
05.01.2018	22:15:00	6653,2905	6653,2905	6653,2905	6653,2905	0
05.01.2018	22:30:00	6653,2905	6653,2905	6653,2905	6653,2905	0
05.01.2018	22:45:00	6653,2905	6653,2905	6653,2905	6653,2905	0
05.01.2018	23:00:00	6653,2905	6653,2905	6653,2905	6653,2905	0
05.01.2018	23:15:00	6653,2905	6653,2905	6653,2905	6653,2905	0
08.01.2018	15:30:15	6651,6832	6662,1050	6649,1996	6658,9849	0
08.01.2018	15:45:00	6659,0688	6664,4566	6656,3571	6661,7545	0
08.01.2018	16:00:00	6661,1890	6661,5680	6649,9920	6658,4730	0
08.01.2018	16:15:00	6658,3955	6669,0005	6658,3261	6668,6329	0
08.01.2018	16:30:00	6668,5830	6671,4825	6661,4312	6661,9380	0
08.01.2018	16:45:00	6661,9626	6669,5706	6661,7709	6669,2063	0
08.01.2018	17:00:00	6669,2078	6673,6727	6666,9722	6673,6727	0
08.01.2018	17:15:00	6673,7167	6676,1032	6672,1626	6674,8158	0
08.01.2018	17:30:00	6674,7593	6679,7419	6674,3914	6677,5777	0
08.01.2018	17:45:00	6677,5640	6677,7705	6672,0435	6672,9031	0
08.01.2018	18:00:00	6673,0222	6675,1965	6672,2432	6673,5264	0
08.01.2018	18:15:00	6673,4873	6675,0910	6673,1179	6674,5322	0
08.01.2018	18:30:00	6674,5271	6674,6600	6669,1750	6673,3649	0
08.01.2018	18:45:00	6673,3380	6673,3380	6670,4631	6671,4753	0
08.01.2018	19:00:00	6671,4809	6673,5454	6670,4330	6672,6234	0
08.01.2018	19:15:00	6672,5801	6676,5425	6672,2820	6676,0283	0
08.01.2018	19:30:00	6676,0491	6676,1638	6672,9254	6675,3269	0
08.01.2018	19:45:00	6675,2951	6677,1605	6674,8377	6676,8507	0
08.01.2018	20:00:00	6676,8838	6679,3682	6676,3611	6678,0791	0
08.01.2018	20:15:00	6678,0711	6678,2410	6675,5081	6675,9039	0
08.01.2018	20:30:00	6675,9195	6676,1658	6673,2071	6675,7468	0
08.01.2018	20:45:00	6675,7128	6676,2669	6668,8121	6671,9240	0
08.01.2018	21:00:00	6671,9086	6675,0737	6671,1513	6671,3957	0
08.01.2018	21:15:00	6671,3955	6674,0840	6670,3887	6671,7460	0
08.01.2018	21:30:00	6671,7835	6676,9630	6670,0199	6676,4777	0
08.01.2018	21:45:00	6676,4804	6680,3224	6675,0021	6675,2178	0
08.01.2018	22:00:01	6675,1894	6676,6314	6675,1894	6676,6314	0
08.01.2018	22:15:00	6676,6314	6676,6314	6676,6314	6676,6314	0
08.01.2018	22:30:00	6676,6314	6676,6314	6676,6314	6676,6314	0
08.01.2018	22:45:00	6676,6314	6676,6314	6676,6314	6676,6314	0
08.01.2018	23:00:00	6676,6314	6676,6314	6676,6314	6676,6314	0
08.01.2018	23:15:00	6676,6314	6676,6314	6676,6314	6676,6314	0
09.01.2018	15:30:15	6692,8740	6695,9801	6665,1042	6668,1715	0
09.01.2018	15:45:00	6667,8508	6676,6447	6658,2680	6663,6721	0
09.01.2018	16:00:00	6663,7048	6671,2363	6661,4450	6670,4245	0
09.01.2018	16:15:00	6670,4357	6678,7746	6670,4357	6675,3908	0
09.01.2018	16:30:00	6675,2776	6676,6239	6660,2498	6668,1419	0
09.01.2018	16:45:00	6668,1868	6673,7788	6662,4249	6673,4232	0
09.01.2018	17:00:00	6673,5272	6684,9976	6673,1995	6684,6141	0
09.01.2018	17:15:00	6684,6311	6690,6166	6684,5143	6688,1397	0
09.01.2018	17:30:00	6688,0268	6688,0401	6681,6270	6681,9216	0
09.01.2018	17:45:00	6681,9220	6684,9492	6679,0214	6683,9151	0
09.01.2018	18:00:00	6683,9237	6683,9868	6676,9287	6682,9196	0
09.01.2018	18:15:00	6682,9135	6684,6030	6681,6112	6683,2851	0
09.01.2018	18:30:00	6683,2752	6688,4683	6683,0846	6687,9960	0
09.01.2018	18:45:00	6688,0017	6689,9793	6687,8864	6688,2891	0
09.01.2018	19:00:00	6688,4619	6693,0597	6688,1126	6692,0615	0
09.01.2018	19:15:00	6692,0533	6696,1190	6691,7010	6694,1649	0
09.01.2018	19:30:00	6694,1922	6694,4590	6689,6012	6690,8593	0
09.01.2018	19:45:00	6690,8552	6691,0499	6689,2063	6690,2667	0
09.01.2018	20:00:00	6690,2453	6691,1749	6687,6396	6687,9232	0
09.01.2018	20:15:00	6687,8877	6688,5517	6684,1280	6685,7403	0
09.01.2018	20:30:00	6685,7095	6686,4427	6683,4410	6685,2435	0
09.01.2018	20:45:00	6685,2506	6689,0950	6685,2156	6688,6207	0
09.01.2018	21:00:00	6688,5439	6688,5439	6685,8117	6687,8873	0
09.01.2018	21:15:00	6687,9019	6689,1280	6678,5179	6678,5762	0
09.01.2018	21:30:00	6678,5585	6689,1580	6678,5585	6684,7528	0
09.01.2018	21:45:00	6684,7939	6684,7939	6675,2243	6678,0958	0
09.01.2018	22:00:01	6678,7499	6678,7499	6677,9355	6677,9355	0
09.01.2018	22:15:00	6677,9355	6677,9355	6677,9355	6677,9355	0
09.01.2018	22:30:00	6677,9355	6677,9355	6677,9355	6677,9355	0
09.01.2018	22:45:00	6677,9355	6677,9355	6677,9355	6677,9355	0
09.01.2018	23:00:00	6677,9355	6677,9355	6677,9355	6677,9355	0
09.01.2018	23:15:00	6677,9355	6677,9355	6677,9355	6677,9355	0
10.01.2018	15:30:15	6640,6644	6657,1269	6637,2984	6649,2742	0
10.01.2018	15:45:00	6649,2051	6652,5462	6624,4846	6634,0525	0
10.01.2018	16:00:00	6634,1824	6639,4863	6619,3458	6637,5890	0
10.01.2018	16:15:00	6638,0538	6645,7463	6635,1731	6635,5946	0
10.01.2018	16:30:00	6635,3721	6642,2160	6633,0333	6637,2559	0
10.01.2018	16:45:00	6637,2512	6639,2558	6627,4517	6639,2150	0
10.01.2018	17:00:00	6639,2805	6653,2537	6639,2414	6647,3028	0
10.01.2018	17:15:00	6647,3230	6649,0923	6641,2073	6641,7008	0
10.01.2018	17:30:00	6641,6676	6644,7429	6638,3753	6641,7829	0
10.01.2018	17:45:00	6641,7861	6651,0392	6641,4266	6646,5376	0
10.01.2018	18:00:00	6646,5421	6646,6274	6642,2873	6643,7530	0
10.01.2018	18:15:00	6643,7401	6651,4729	6643,5637	6647,2487	0
10.01.2018	18:30:00	6647,2542	6652,7545	6647,0466	6651,1508	0
10.01.2018	18:45:00	6651,1983	6651,7425	6648,8665	6651,1945	0
10.01.2018	19:00:00	6651,2206	6654,5359	6649,9918	6650,0289	0
10.01.2018	19:15:00	6649,9244	6650,4225	6645,3270	6649,4036	0
10.01.2018	19:30:00	6649,3670	6652,5819	6646,0857	6652,1611	0
10.01.2018	19:45:00	6652,1611	6660,9248	6652,1611	6659,1940	0
10.01.2018	20:00:00	6659,2193	6660,7773	6648,0797	6648,4632	0
10.01.2018	20:15:00	6648,4093	6651,0840	6639,0017	6639,8957	0
10.01.2018	20:30:00	6639,9529	6643,0080	6637,3605	6640,6435	0
10.01.2018	20:45:00	6640,6478	6650,5312	6640,5076	6649,4222	0
10.01.2018	21:00:00	6649,4321	6654,1316	6648,5979	6651,6512	0
10.01.2018	21:15:00	6651,6536	6652,4254	6646,6592	6651,9651	0
10.01.2018	21:30:00	6651,9482	6658,5710	6651,5766	6655,9784	0
10.01.2018	21:45:00	6655,9930	6663,5091	6654,4162	6660,3650	0
10.01.2018	22:00:01	6661,9818	6662,6583	6661,9818	6662,6583	0
10.01.2018	22:15:00	6662,6583	6662,6583	6662,6583	6662,6583	0
10.01.2018	22:30:00	6662,6583	6662,6583	6662,6583	6662,6583	0
10.01.2018	22:45:00	6662,6583	6662,6583	6662,6583	6662,6583	0
10.01.2018	23:00:00	6662,6583	6662,6583	6662,6583	6662,6583	0
10.01.2018	23:15:00	6662,6583	6662,6583	6662,6583	6662,6583	0
11.01.2018	15:30:15	6675,6930	6680,2117	6668,9923	6679,1912	0
11.01.2018	15:45:00	6679,1400	6679,6595	6670,2136	6678,6391	0
11.01.2018	16:00:00	6678,6599	6686,2117	6676,5710	6677,0822	0
11.01.2018	16:15:00	6676,9850	6679,2493	6671,3466	6673,0703	0
11.01.2018	16:30:00	6673,3181	6675,2167	6664,7435	6671,4393	0
11.01.2018	16:45:00	6671,4786	6677,5151	6671,4786	6676,5061	0
11.01.2018	17:00:00	6676,6451	6682,3753	6676,5726	6678,6494	0
11.01.2018	17:15:00	6678,6291	6681,1683	6676,7323	6677,1080	0
11.01.2018	17:30:00	6676,9907	6680,7242	6676,4086	6678,3461	0
11.01.2018	17:45:00	6678,3602	6683,6868	6677,9924	6683,3287	0
11.01.2018	18:00:00	6683,3210	6683,5956	6679,9259	6681,6628	0
11.01.2018	18:15:00	6681,6596	6689,7279	6680,9126	6687,8917	0
11.01.2018	18:30:00	6687,9406	6698,0678	6687,7674	6695,7573	0
11.01.2018	18:45:00	6695,7465	6700,3291	6695,6209	6699,8023	0
11.01.2018	19:00:00	6699,8662	6702,6889	6696,5008	6699,2712	0
11.01.2018	19:15:00	6699,2878	6700,1106	6697,5557	6698,1043	0
11.01.2018	19:30:00	6698,0798	6698,2248	6694,5189	6696,5269	0
11.01.2018	19:45:00	6696,5256	6697,9532	6694,8547	6695,4307	0
11.01.2018	20:00:00	6695,4367	6696,4694	6693,6111	6693,6314	0
11.01.2018	20:15:00	6693,6311	6697,4850	6693,5490	6694,8827	0
11.01.2018	20:30:00	6694,8215	6696,4531	6693,3081	6694,3028	0
11.01.2018	20:45:00	6694,3045	6695,1594	6692,0876	6694,2768	0
11.01.2018	21:00:00	6694,2768	6696,8526	6692,8796	6696,0539	0
11.01.2018	21:15:00	6696,0554	6699,8468	6695,6289	6698,5383	0
11.01.2018	21:30:00	6698,5874	6700,2634	6695,7254	6697,4600	0
11.01.2018	21:45:00	6697,4930	6707,0366	6696,5031	6706,6612	0
11.01.2018	22:00:01	6708,2635	6708,4923	6708,2635	6708,4923	0
11.01.2018	22:15:00	6708,4923	6708,4923	6708,4923	6708,4923	0
11.01.2018	22:30:00	6708,4923	6708,4923	6708,4923	6708,4923	0
11.01.2018	22:45:00	6708,4923	6708,4923	6708,4923	6708,4923	0
11.01.2018	23:00:00	6708,4923	6708,4923	6708,4923	6708,4923	0
11.01.2018	23:15:00	6708,4923	6708,4923	6708,4923	6708,4923	0
12.01.2018	15:30:15	6699,3227	6719,0609	6695,5178	6718,0201	0
12.01.2018	15:45:00	6718,6433	6718,6599	6709,1903	6718,2661	0
12.01.2018	16:00:00	6718,1862	6723,4054	6717,0619	6723,1896	0
12.01.2018	16:15:00	6723,2784	6730,5708	6723,1345	6730,5708	0
12.01.2018	16:30:00	6730,6089	6744,2765	6726,9442	6744,2247	0
12.01.2018	16:45:00	6744,1331	6748,3931	6741,6997	6744,8188	0
12.01.2018	17:00:00	6744,9847	6749,4251	6740,2647	6740,2647	0
12.01.2018	17:15:00	6740,2924	6743,4505	6738,9513	6743,0213	0
12.01.2018	17:30:00	6743,0731	6745,7567	6741,0966	6745,3889	0
12.01.2018	17:45:00	6745,3434	6747,9049	6745,1573	6746,7438	0
12.01.2018	18:00:00	6746,7881	6748,3330	6742,9841	6743,1925	0
12.01.2018	18:15:00	6743,1611	6747,4384	6743,0913	6745,0636	0
12.01.2018	18:30:00	6745,0606	6752,3820	6743,0097	6750,6772	0
12.01.2018	18:45:00	6750,6471	6756,5592	6749,2921	6756,1327	0
12.01.2018	19:00:00	6756,1246	6757,4872	6752,5759	6754,5314	0
12.01.2018	19:15:00	6754,5725	6754,7625	6750,7038	6751,4397	0
12.01.2018	19:30:00	6751,3813	6751,7371	6748,3771	6750,9357	0
12.01.2018	19:45:00	6750,9140	6754,9118	6750,8891	6754,1663	0
12.01.2018	20:00:00	6754,1535	6755,8914	6752,2303	6755,6005	0
12.01.2018	20:15:00	6755,6483	6758,9878	6754,9366	6758,9266	0
12.01.2018	20:30:00	6758,9227	6760,7100	6752,9146	6755,2025	0
12.01.2018	20:45:00	6755,2265	6755,2916	6750,8072	6753,5036	0
12.01.2018	21:00:00	6753,4146	6757,1182	6745,2192	6746,1243	0
12.01.2018	21:15:00	6746,1199	6752,8044	6745,9636	6750,5807	0
12.01.2018	21:30:00	6750,6152	6755,3900	6750,4766	6752,9533	0
12.01.2018	21:45:00	6753,0082	6763,9761	6752,1000	6756,1306	0
12.01.2018	22:00:01	6756,2933	6758,5410	6756,2933	6758,5410	0
12.01.2018	22:15:00	6758,5410	6758,5410	6758,5410	6758,5410	0
12.01.2018	22:30:00	6758,5410	6758,5410	6758,5410	6758,5410	0
12.01.2018	22:45:00	6758,5410	6758,5410	6758,5410	6758,5410	0
12.01.2018	23:00:00	6758,5410	6758,5410	6758,5410	6758,5410	0
12.01.2018	23:15:00	6758,5410	6758,5410	6758,5410	6758,5410	0
16.01.2018	15:30:15	6807,8498	6829,9923	6804,4552	6829,0548	0
16.01.2018	15:45:00	6828,8876	6835,7942	6827,1758	6827,9060	0
16.01.2018	16:00:00	6828,4468	6829,5446	6816,1686	6827,6352	0
16.01.2018	16:15:00	6827,6670	6831,6326	6815,1150	6819,9122	0
16.01.2018	16:30:00	6820,0462	6820,3077	6799,1932	6814,8793	0
16.01.2018	16:45:00	6814,7338	6818,3232	6800,9200	6803,6521	0
16.01.2018	17:00:00	6803,5242	6805,8236	6785,7416	6785,8376	0
16.01.2018	17:15:00	6786,2098	6799,4072	6784,1530	6799,1922	0
16.01.2018	17:30:00	6799,1584	6803,7680	6789,0820	6789,0820	0
16.01.2018	17:45:00	6789,0343	6789,0343	6778,4510	6779,5706	0
16.01.2018	18:00:00	6779,5408	6792,7674	6779,5408	6792,3321	0
16.01.2018	18:15:00	6792,3465	6795,5746	6783,6358	6784,7836	0
16.01.2018	18:30:00	6784,8880	6785,3124	6777,1536	6778,9521	0
16.01.2018	18:45:00	6778,9633	6781,6845	6769,1766	6772,7195	0
16.01.2018	19:00:00	6772,7236	6777,4744	6764,9846	6774,6444	0
16.01.2018	19:15:00	6774,6315	6778,1525	6767,1833	6773,3389	0
16.01.2018	19:30:00	6773,2775	6776,5395	6769,4950	6770,4315	0
16.01.2018	19:45:00	6770,3928	6771,1246	6755,1408	6755,4402	0
16.01.2018	20:00:00	6755,3958	6758,9639	6746,8562	6753,2539	0
16.01.2018	20:15:00	6753,4520	6753,7519	6736,2201	6737,3091	0
16.01.2018	20:30:00	6737,3544	6744,2611	6725,7415	6725,9594	0
16.01.2018	20:45:00	6725,7990	6739,1143	6719,1101	6732,7787	0
16.01.2018	21:00:00	6732,8366	6753,2737	6732,7953	6747,9917	0
16.01.2018	21:15:00	6747,9037	6753,1344	6739,2340	6752,5974	0
16.01.2018	21:30:00	6752,5826	6755,8160	6742,3664	6749,2274	0
16.01.2018	21:45:00	6749,3026	6750,5734	6733,4797	6739,0261	0
16.01.2018	22:00:01	6737,2548	6737,2548	6737,1371	6737,1371	0
16.01.2018	22:15:00	6737,1371	6737,1371	6737,1371	6737,1371	0
16.01.2018	22:30:00	6737,1371	6737,1371	6737,1371	6737,1371	0
16.01.2018	22:45:00	6737,1371	6737,1371	6737,1371	6737,1371	0
16.01.2018	23:00:00	6737,1371	6737,1371	6737,1371	6737,1371	0
16.01.2018	23:15:00	6737,1371	6737,1371	6737,1371	6737,1371	0
17.01.2018	15:30:15	6767,8503	6768,1762	6744,9835	6749,5783	0
17.01.2018	15:45:00	6749,7724	6756,0107	6738,4496	6747,5597	0
17.01.2018	16:00:00	6747,2767	6761,5427	6747,2767	6759,3651	0
17.01.2018	16:15:00	6759,3227	6763,4452	6744,3396	6746,3575	0
17.01.2018	16:30:00	6746,1254	6757,5980	6745,8347	6750,2889	0
17.01.2018	16:45:00	6750,2757	6761,1016	6749,1510	6760,6566	0
17.01.2018	17:00:00	6760,7548	6771,7807	6756,3286	6771,7412	0
17.01.2018	17:15:00	6771,6513	6778,0407	6769,0051	6769,8592	0
17.01.2018	17:30:00	6769,9149	6773,4966	6765,0524	6765,0869	0
17.01.2018	17:45:00	6765,1313	6768,8077	6763,8570	6767,3050	0
17.01.2018	18:00:00	6767,2891	6771,1719	6767,1778	6769,9207	0
17.01.2018	18:15:00	6769,9498	6775,1453	6768,0150	6773,1266	0
17.01.2018	18:30:00	6773,1312	6782,9015	6772,4843	6780,3696	0
17.01.2018	18:45:00	6780,3668	6787,9044	6778,3973	6787,6767	0
17.01.2018	19:00:00	6787,6896	6794,0526	6784,6122	6789,2076	0
17.01.2018	19:15:00	6789,2556	6797,4543	6786,4489	6796,7562	0
17.01.2018	19:30:00	6796,7412	6800,7341	6794,5795	6799,5731	0
17.01.2018	19:45:00	6799,5926	6799,8051	6790,8836	6791,1382	0
17.01.2018	20:00:00	6791,1518	6803,6125	6790,7285	6801,9321	0
17.01.2018	20:15:00	6801,9124	6806,3573	6801,3238	6801,6958	0
17.01.2018	20:30:00	6801,0480	6808,8278	6800,7959	6805,6248	0
17.01.2018	20:45:00	6805,7937	6812,7335	6805,7582	6810,8125	0
17.01.2018	21:00:00	6810,8091	6820,0444	6810,5049	6815,7805	0
17.01.2018	21:15:00	6815,9304	6818,0866	6806,1904	6806,9735	0
17.01.2018	21:30:00	6807,0706	6816,6814	6807,0706	6815,6999	0
17.01.2018	21:45:00	6815,6672	6816,1215	6805,1290	6810,0916	0
17.01.2018	22:00:01	6810,7262	6810,7262	6810,2834	6810,2834	0
17.01.2018	22:15:00	6810,2834	6810,2834	6810,2834	6810,2834	0
17.01.2018	22:30:00	6810,2834	6810,2834	6810,2834	6810,2834	0
17.01.2018	22:45:00	6810,2834	6810,2834	6810,2834	6810,2834	0
17.01.2018	23:00:00	6810,2834	6810,2834	6810,2834	6810,2834	0
17.01.2018	23:15:00	6810,2834	6810,2834	6810,2834	6810,2834	0
18.01.2018	15:30:15	6804,5922	6815,2090	6799,9428	6803,6905	0
18.01.2018	15:45:00	6803,4516	6810,9651	6801,1356	6807,7459	0
18.01.2018	16:00:00	6808,0735	6808,5766	6785,1665	6786,1683	0
18.01.2018	16:15:00	6786,0786	6798,9982	6784,7155	6796,1040	0
18.01.2018	16:30:00	6796,1902	6806,6494	6796,1596	6806,6494	0
18.01.2018	16:45:00	6806,7475	6811,1173	6801,7967	6801,8366	0
18.01.2018	17:00:00	6801,6992	6809,9759	6798,9766	6809,9759	0
18.01.2018	17:15:00	6810,0035	6816,2523	6802,0690	6804,8902	0
18.01.2018	17:30:00	6804,8776	6810,6363	6798,7151	6800,3909	0
18.01.2018	17:45:00	6800,3909	6804,4124	6794,6044	6802,6421	0
18.01.2018	18:00:00	6802,6680	6813,1971	6802,3054	6813,1430	0
18.01.2018	18:15:00	6813,1558	6815,8797	6810,4085	6815,8797	0
18.01.2018	18:30:00	6815,8568	6819,8138	6814,5615	6817,9599	0
18.01.2018	18:45:00	6817,9609	6819,0379	6814,8038	6815,0095	0
18.01.2018	19:00:00	6815,1586	6818,1031	6809,1475	6817,2448	0
18.01.2018	19:15:00	6817,2232	6817,4981	6810,4650	6813,1386	0
18.01.2018	19:30:00	6813,0100	6816,6898	6812,7386	6814,2496	0
18.01.2018	19:45:00	6814,2720	6820,8441	6812,3561	6819,1184	0
18.01.2018	20:00:00	6819,1550	6823,1365	6817,3281	6820,5765	0
18.01.2018	20:15:00	6820,5602	6825,3117	6819,7871	6824,6224	0
18.01.2018	20:30:00	6824,5229	6826,7888	6821,9541	6822,2040	0
18.01.2018	20:45:00	6822,1461	6823,9859	6820,1910	6822,9333	0
18.01.2018	21:00:00	6822,8978	6822,8978	6818,1611	6820,7366	0
18.01.2018	21:15:00	6820,8458	6823,6651	6813,1951	6814,2258	0
18.01.2018	21:30:00	6814,2179	6814,3146	6803,9882	6810,8145	0
18.01.2018	21:45:00	6810,8186	6814,8235	6808,3237	6810,7102	0
18.01.2018	22:00:01	6811,5606	6811,5606	6811,3781	6811,3781	0
18.01.2018	22:15:00	6811,3781	6811,3781	6811,3781	6811,3781	0
18.01.2018	22:30:00	6811,3781	6811,3781	6811,3781	6811,3781	0
18.01.2018	22:45:00	6811,3781	6811,3781	6811,3781	6811,3781	0
18.01.2018	23:00:00	6811,3781	6811,3781	6811,3781	6811,3781	0
18.01.2018	23:15:00	6811,3781	6811,3781	6811,3781	6811,3781	0
19.01.2018	15:30:15	6829,0437	6843,2381	6828,2674	6838,0013	0
19.01.2018	15:45:00	6837,7967	6840,0281	6819,1461	6821,7104	0
19.01.2018	16:00:00	6821,9183	6822,5121	6806,3925	6816,0594	0
19.01.2018	16:15:00	6816,0113	6821,9429	6808,4453	6820,9855	0
19.01.2018	16:30:00	6820,8071	6822,3782	6813,1753	6821,6737	0
19.01.2018	16:45:00	6821,5640	6822,2770	6803,9984	6807,7506	0
19.01.2018	17:00:00	6807,7304	6814,0267	6801,5866	6814,0267	0
19.01.2018	17:15:00	6814,0440	6821,8227	6810,8655	6820,6967	0
19.01.2018	17:30:00	6820,7747	6822,9603	6818,6643	6822,2938	0
19.01.2018	17:45:00	6822,2916	6823,4180	6810,8468	6813,0542	0
19.01.2018	18:00:00	6813,0542	6819,0989	6812,9656	6816,5866	0
19.01.2018	18:15:00	6816,6397	6820,2379	6815,9520	6820,1144	0
19.01.2018	18:30:00	6820,1059	6823,8948	6819,0429	6823,4677	0
19.01.2018	18:45:00	6823,4888	6826,8016	6820,8372	6821,9602	0
19.01.2018	19:00:00	6822,0101	6824,2137	6818,9690	6821,4397	0
19.01.2018	19:15:00	6821,4316	6822,3789	6818,6638	6821,8477	0
19.01.2018	19:30:00	6821,8569	6823,6167	6818,2767	6820,9407	0
19.01.2018	19:45:00	6820,9428	6821,5179	6819,1604	6820,2465	0
19.01.2018	20:00:00	6820,2465	6827,8754	6819,6212	6827,8754	0
19.01.2018	20:15:00	6827,9045	6831,7608	6827,1949	6828,1633	0
19.01.2018	20:30:00	6828,1247	6833,2093	6828,1247	6830,1241	0
19.01.2018	20:45:00	6830,1198	6830,8196	6828,1491	6828,7349	0
19.01.2018	21:00:00	6828,7069	6830,6636	6826,4057	6829,0722	0
19.01.2018	21:15:00	6829,0722	6834,2068	6828,9451	6833,6432	0
19.01.2018	21:30:00	6833,7243	6835,4825	6825,0212	6828,5150	0
19.01.2018	21:45:00	6828,5121	6834,0647	6825,2406	6833,2861	0
19.01.2018	22:00:01	6833,7877	6834,3294	6833,7877	6834,3294	0
19.01.2018	22:15:00	6834,3294	6834,3294	6834,3294	6834,3294	0
19.01.2018	22:30:00	6834,3294	6834,3294	6834,3294	6834,3294	0
19.01.2018	22:45:00	6834,3294	6834,3294	6834,3294	6834,3294	0
19.01.2018	23:00:00	6834,3294	6834,3294	6834,3294	6834,3294	0
19.01.2018	23:15:00	6834,3294	6834,3294	6834,3294	6834,3294	0
22.01.2018	15:30:15	6829,5459	6835,9042	6822,8548	6835,9042	0
22.01.2018	15:45:00	6836,1113	6846,5298	6833,0421	6844,9347	0
22.01.2018	16:00:00	6844,6945	6857,6588	6841,4363	6857,5117	0
22.01.2018	16:15:00	6857,4974	6869,0417	6857,4974	6867,1172	0
22.01.2018	16:30:00	6867,0989	6876,2196	6864,8528	6872,8032	0
22.01.2018	16:45:00	6872,8679	6875,1965	6867,3112	6867,3112	0
22.01.2018	17:00:00	6867,2410	6873,5152	6866,0375	6871,3041	0
22.01.2018	17:15:00	6871,2826	6873,4226	6867,5007	6868,6412	0
22.01.2018	17:30:00	6868,4232	6873,3085	6865,8601	6871,5144	0
22.01.2018	17:45:00	6871,5268	6880,1654	6869,8745	6879,8740	0
22.01.2018	18:00:00	6879,8322	6886,8673	6878,2671	6883,3373	0
22.01.2018	18:15:00	6883,3676	6887,6088	6882,0412	6887,1274	0
22.01.2018	18:30:00	6886,8194	6889,9003	6886,1968	6886,3542	0
22.01.2018	18:45:00	6886,3498	6891,4155	6885,5727	6885,7145	0
22.01.2018	19:00:00	6885,6935	6887,9173	6883,1587	6887,2380	0
22.01.2018	19:15:00	6887,2588	6889,7216	6885,7024	6885,7530	0
22.01.2018	19:30:00	6885,7476	6888,6502	6884,4330	6888,0574	0
22.01.2018	19:45:00	6888,0782	6890,0006	6886,0350	6887,6027	0
22.01.2018	20:00:00	6887,6213	6888,4829	6883,6812	6884,4258	0
22.01.2018	20:15:00	6884,5432	6885,8493	6878,0339	6881,0193	0
22.01.2018	20:30:00	6881,0236	6883,6116	6880,2150	6883,2516	0
22.01.2018	20:45:00	6883,2778	6886,5944	6882,1204	6882,2014	0
22.01.2018	21:00:00	6882,1255	6888,3806	6882,0259	6886,7069	0
22.01.2018	21:15:00	6886,7029	6889,1776	6885,0916	6887,2310	0
22.01.2018	21:30:00	6887,1652	6891,0512	6884,5784	6891,0175	0
22.01.2018	21:45:00	6891,0403	6905,5831	6891,0310	6905,5831	0
22.01.2018	22:00:01	6906,1950	6906,2781	6906,1950	6906,2781	0
22.01.2018	22:15:00	6906,2781	6906,2781	6906,2781	6906,2781	0
22.01.2018	22:30:00	6906,2781	6906,2781	6906,2781	6906,2781	0
22.01.2018	22:45:00	6906,2781	6906,2781	6906,2781	6906,2781	0
22.01.2018	23:00:00	6906,2781	6906,2781	6906,2781	6906,2781	0
22.01.2018	23:15:00	6906,2781	6906,2781	6906,2781	6906,2781	0
23.01.2018	15:30:15	6928,2656	6944,3206	6926,3693	6940,4151	0
23.01.2018	15:45:00	6940,3667	6951,3548	6928,9230	6935,6304	0
23.01.2018	16:00:00	6935,9052	6953,5256	6932,4491	6951,9111	0
23.01.2018	16:15:00	6951,8446	6954,5431	6941,9908	6952,2514	0
23.01.2018	16:30:00	6952,4821	6961,0302	6950,8278	6960,4368	0
23.01.2018	16:45:00	6960,4101	6964,1137	6956,6705	6961,4814	0
23.01.2018	17:00:00	6961,5570	6966,6747	6960,6123	6961,6691	0
23.01.2018	17:15:00	6961,6938	6962,6607	6957,9708	6960,6155	0
23.01.2018	17:30:00	6960,6302	6961,4144	6954,7522	6955,9850	0
23.01.2018	17:45:00	6956,0769	6958,9175	6950,5081	6952,4203	0
23.01.2018	18:00:00	6951,7147	6956,9895	6950,0137	6951,3995	0
23.01.2018	18:15:00	6951,4575	6959,5864	6951,3420	6957,3480	0
23.01.2018	18:30:00	6957,3338	6960,8818	6954,9343	6956,4570	0
23.01.2018	18:45:00	6956,3562	6957,9788	6950,9494	6952,4487	0
23.01.2018	19:00:00	6952,4443	6957,3795	6951,0551	6952,0214	0
23.01.2018	19:15:00	6952,0714	6955,6485	6950,8200	6955,2268	0
23.01.2018	19:30:00	6955,2415	6964,2212	6955,2415	6961,5914	0
23.01.2018	19:45:00	6961,6860	6966,8271	6960,7376	6965,7361	0
23.01.2018	20:00:00	6965,7600	6965,8475	6959,3830	6959,4939	0
23.01.2018	20:15:00	6959,3847	6959,3847	6941,9440	6952,5222	0
23.01.2018	20:30:00	6952,5065	6960,5331	6950,0466	6959,2737	0
23.01.2018	20:45:00	6959,2644	6963,0008	6956,5587	6956,7032	0
23.01.2018	21:00:00	6956,7021	6961,0311	6952,8284	6953,2677	0
23.01.2018	21:15:00	6953,1956	6961,4147	6953,0321	6961,3949	0
23.01.2018	21:30:00	6961,3845	6965,0198	6959,7811	6964,8797	0
23.01.2018	21:45:00	6964,7775	6969,4040	6961,0753	6965,9179	0
23.01.2018	22:00:01	6963,5050	6963,5050	6963,4630	6963,4630	0
23.01.2018	22:15:00	6963,4630	6963,4630	6963,4630	6963,4630	0
23.01.2018	22:30:00	6963,4630	6963,4630	6963,4630	6963,4630	0
23.01.2018	22:45:00	6963,4630	6963,4630	6963,4630	6963,4630	0
23.01.2018	23:00:00	6963,4630	6963,4630	6963,4630	6963,4630	0
23.01.2018	23:15:00	6963,4630	6963,4630	6963,4630	6963,4630	0
24.01.2018	15:30:15	6975,3759	6983,1226	6961,1412	6971,6895	0
24.01.2018	15:45:00	6971,9989	6974,4089	6954,8560	6972,6274	0
24.01.2018	16:00:00	6972,8402	6987,7483	6971,5093	6987,3345	0
24.01.2018	16:15:00	6987,4053	6988,7967	6977,2702	6984,7971	0
24.01.2018	16:30:00	6984,7133	6992,9133	6983,2368	6983,2368	0
24.01.2018	16:45:00	6983,2816	6985,8060	6968,5888	6972,3179	0
24.01.2018	17:00:00	6972,3051	6976,4428	6942,7451	6942,8969	0
24.01.2018	17:15:00	6942,8026	6952,5423	6934,6281	6940,3477	0
24.01.2018	17:30:00	6940,1084	6940,1084	6906,8763	6931,1049	0
24.01.2018	17:45:00	6931,1707	6937,0814	6922,8407	6929,8957	0
24.01.2018	18:00:00	6929,8412	6932,2563	6917,5264	6932,0274	0
24.01.2018	18:15:00	6931,8514	6933,6121	6913,7512	6919,0719	0
24.01.2018	18:30:00	6918,9961	6920,9234	6903,5963	6909,1972	0
24.01.2018	18:45:00	6909,2287	6915,5806	6899,6112	6912,2790	0
24.01.2018	19:00:00	6912,3064	6913,2314	6886,1178	6891,8281	0
24.01.2018	19:15:00	6891,9173	6907,6591	6880,6842	6905,9536	0
24.01.2018	19:30:00	6905,8462	6923,8614	6905,6884	6922,6227	0
24.01.2018	19:45:00	6922,5622	6933,6160	6920,3800	6921,8383	0
24.01.2018	20:00:00	6922,1554	6931,2611	6919,7927	6929,1529	0
24.01.2018	20:15:00	6929,2169	6939,5202	6926,3225	6939,4798	0
24.01.2018	20:30:00	6939,2901	6939,4778	6929,8997	6937,0948	0
24.01.2018	20:45:00	6937,0986	6947,8780	6936,1107	6937,7184	0
24.01.2018	21:00:00	6937,8500	6938,6832	6921,2898	6923,8310	0
24.01.2018	21:15:00	6923,7842	6925,1346	6915,0842	6922,3959	0
24.01.2018	21:30:00	6922,3143	6923,8163	6914,5195	6920,0948	0
24.01.2018	21:45:00	6920,1210	6933,7077	6918,3189	6920,1755	0
24.01.2018	22:00:01	6919,7421	6919,7421	6919,3525	6919,3525	0
24.01.2018	22:15:00	6919,3525	6919,3525	6919,3525	6919,3525	0
24.01.2018	22:30:00	6919,3525	6919,3525	6919,3525	6919,3525	0
24.01.2018	22:45:00	6919,3525	6919,3525	6919,3525	6919,3525	0
24.01.2018	23:00:00	6919,3525	6919,3525	6919,3525	6919,3525	0
24.01.2018	23:15:00	6919,3525	6919,3525	6919,3525	6919,3525	0
25.01.2018	15:30:15	6965,0059	6967,5987	6948,0442	6955,2409	0
25.01.2018	15:45:00	6955,0404	6958,5508	6909,1808	6914,2175	0
25.01.2018	16:00:00	6914,6697	6931,1000	6910,7526	6917,7788	0
25.01.2018	16:15:00	6917,4218	6930,8833	6914,3814	6918,7339	0
25.01.2018	16:30:00	6918,7498	6937,6547	6918,4699	6926,2875	0
25.01.2018	16:45:00	6926,4264	6935,0772	6916,9906	6932,4605	0
25.01.2018	17:00:00	6932,4656	6942,7126	6930,1136	6939,0260	0
25.01.2018	17:15:00	6939,0235	6943,1983	6932,0680	6943,1847	0
25.01.2018	17:30:00	6943,2243	6950,9614	6940,1465	6950,1041	0
25.01.2018	17:45:00	6950,0980	6954,7337	6944,9188	6953,1582	0
25.01.2018	18:00:00	6953,2074	6958,8413	6952,5028	6956,8260	0
25.01.2018	18:15:00	6956,8378	6957,8105	6945,9221	6948,6245	0
25.01.2018	18:30:00	6948,6679	6950,0836	6940,7611	6943,5456	0
25.01.2018	18:45:00	6943,5494	6946,2960	6935,5980	6936,0462	0
25.01.2018	19:00:00	6936,0096	6939,4417	6926,8070	6939,3038	0
25.01.2018	19:15:00	6939,2450	6941,5851	6936,5151	6938,2122	0
25.01.2018	19:30:00	6938,2017	6943,7740	6935,8360	6943,0452	0
25.01.2018	19:45:00	6943,0907	6946,6603	6942,3257	6944,3174	0
25.01.2018	20:00:00	6944,1923	6944,7976	6923,2764	6926,8916	0
25.01.2018	20:15:00	6926,8517	6933,1234	6924,3116	6931,7708	0
25.01.2018	20:30:00	6931,7274	6933,0898	6911,2169	6915,7886	0
25.01.2018	20:45:00	6915,8151	6917,9108	6902,5116	6907,8698	0
25.01.2018	21:00:00	6908,6643	6909,1144	6894,8380	6898,9780	0
25.01.2018	21:15:00	6899,0766	6917,6851	6899,0766	6911,6157	0
25.01.2018	21:30:00	6911,6939	6914,5349	6903,9908	6909,2923	0
25.01.2018	21:45:00	6909,3374	6919,9435	6908,9061	6916,1773	0
25.01.2018	22:00:01	6915,6747	6916,3043	6915,6747	6916,3043	0
25.01.2018	22:15:00	6916,3043	6916,3043	6916,3043	6916,3043	0
25.01.2018	22:30:00	6916,3043	6916,3043	6916,3043	6916,3043	0
25.01.2018	22:45:00	6916,3043	6916,3043	6916,3043	6916,3043	0
25.01.2018	23:00:00	6916,3043	6916,3043	6916,3043	6916,3043	0
25.01.2018	23:15:00	6916,3043	6916,3043	6916,3043	6916,3043	0
26.01.2018	15:30:15	6956,6608	6956,9707	6941,4771	6948,6314	0
26.01.2018	15:45:00	6948,7348	6960,2277	6943,9376	6956,9320	0
26.01.2018	16:00:00	6956,8560	6963,2265	6954,9497	6955,7722	0
26.01.2018	16:15:00	6955,3643	6959,4080	6947,7535	6957,6950	0
26.01.2018	16:30:00	6957,6986	6973,2044	6957,5273	6971,9007	0
26.01.2018	16:45:00	6971,8229	6977,8963	6968,9565	6974,7220	0
26.01.2018	17:00:00	6974,6815	6976,2817	6969,4558	6972,4763	0
26.01.2018	17:15:00	6972,4843	6977,9286	6970,6898	6974,3156	0
26.01.2018	17:30:00	6975,2426	6977,3173	6967,7685	6973,3912	0
26.01.2018	17:45:00	6973,3986	6974,5087	6966,6626	6968,4451	0
26.01.2018	18:00:00	6968,3208	6969,3693	6964,4670	6964,8184	0
26.01.2018	18:15:00	6964,8275	6973,1798	6964,3786	6970,8757	0
26.01.2018	18:30:00	6971,0592	6973,9591	6969,4649	6972,7445	0
26.01.2018	18:45:00	6972,6661	6976,2657	6971,0572	6973,2082	0
26.01.2018	19:00:00	6973,2376	6977,7997	6973,1502	6977,7862	0
26.01.2018	19:15:00	6977,7239	6983,6506	6977,2277	6980,5940	0
26.01.2018	19:30:00	6980,6559	6984,9505	6980,4243	6983,6250	0
26.01.2018	19:45:00	6983,5505	6990,1579	6983,4025	6988,4706	0
26.01.2018	20:00:00	6988,5091	6994,7237	6988,5018	6994,7237	0
26.01.2018	20:15:00	6994,7738	6995,5335	6984,7689	6984,8946	0
26.01.2018	20:30:00	6984,6836	6993,8441	6982,0449	6989,6696	0
26.01.2018	20:45:00	6989,6413	6993,2190	6988,1888	6990,5144	0
26.01.2018	21:00:00	6990,5483	7002,7610	6989,7994	7002,7020	0
26.01.2018	21:15:00	7002,6860	7004,5649	6999,5521	7000,9927	0
26.01.2018	21:30:00	7000,9941	7008,0980	6999,8672	7008,0980	0
26.01.2018	21:45:00	7008,0150	7020,4655	7006,3481	7019,3019	0
26.01.2018	22:00:01	7020,4078	7022,9712	7020,4078	7022,9712	0
